alasouvarov,961,541,1059,672
copstashstandard,1497,1077,1595,1208
federationstandard,2495,1435,2594,1565
handlebar,1165,899,1263,1029
pencil,1851,1256,1950,1387
anchor,3023,899,3122,1029
petitgoatee,3223,1077,3322,1208
soulpatch,3587,1256,3686,1387
balbo,2973,720,3071,851
goatee,3826,899,3925,1029
chincurtain,5082,899,5181,1029
dali,2242,899,2341,1029
ducktail,2681,184,2779,315
franzjosef,202,720,301,851
friendlymuttonchops,578,541,677,672
fumanchu,1287,899,1386,1029
handlebarandchinpuff,1815,720,1914,851
handlebarandgoatee,1891,541,1990,672
hollywoodian,3327,541,3426,672
hulihee,766,363,865,493
klingon,4757,541,4855,672
muttonchops,4554,899,4653,1029
napoleoniiiimperial,2141,541,2239,672
olddutch,4941,720,5039,851
rapindustrystandard,4261,899,4359,1029
shortboxedbeard,3378,363,3477,493
sparrow,2589,363,2687,493
thewinnfield,578,720,677,851
thezappa,3602,899,3701,1029
vandyke,3551,720,3650,851
frenchfork,2681,5,2779,136
supermario,2343,720,2442,851
